# Tct: tof到相机的变换
rotation:
  w: 0.999334
  x: 0.00683661
  y: 0.0270457
  z: -0.0235022


translation:
  x: -0.0227738
  y: -0.0660415
  z: 0.0939607
